79040637844
40567924538
89666359775
41819878226
80554411605
11710341577
70480907927
31087434216
26717343128
93325999740
75484986466
92270871980
82274501124
39462863153
77090424477
32087788957
73112423661
37275043273
20858268259
65864513248
63380317777
90062078263
36633052254
60447592292
22608240854
88737865288
32446318986
46005918196
61076050962
16337663990
25768099755
95615120316
99274156866
56517126068
88239170918
96441648131
54039088108
80286337316
12553351058
82196964603
29559793948
51111921784
95409220503
49863878822
78304477039
63225735350
83845077651
10327656399
78615278616
34140444872
61989720948
95156654930
24952923496
84415493113
23191711795
94089600374
44261738724
20430032001
49629770915
43208974095
12487290713
59430381025
70580859193
78159954837
28080681021
19230731437
28286263117
26453801051
68188493416
29062322050
38183216267
50621064348
66176040920
51377737609
19183205749
55149443691
35895441050
90714882138
58232686400
25905777883
27755150594
90348955043
39493015687
50908727676
84290548502
58628726371
49854942038
48752342624
30255781040
67415742847
56629046247
96856575182
14318165830
76778678574
61955919832
63206969307
15297335820
69356843937
49821179746
63874783780
99156183410
48447059227
44836928820
51592037824
72511758676
83181899095
56300550913
55672086923
47313573019
54597114836
74723255765
51848083151
65639704748
84409841563
93114409455
22045747029
34446587144
64561794322
11146229557
49069928430
61766769921
96229909429
27377765878
30911007780
97267412791
56718914638
45044725556
27768267437
51295686618
19326699361
80383153029
37035035239
12038869366
55643441113
45639748397
24330369584
83668549407
97823917509
34504372887
73823326234
15634809694
76862073472
60399280523
67976966201
15787328540
99629896467
99829975814
92509838434
66045796000
68168625387
72422509828
27643084205
47731875234
98175500235
51232580904
80992845549
95906429971
63023805267
99102018374
71169469782
56103118326
90221312056
70467085625
16478250168
60483474669
76613436004
76750034759
30769132140
84116250605
76577146107
63729386000
74818339506
92712569933
60896789306
23777007666
29941975447
31277126541
73322802894
74129372071
31063577378
27653748527
26705920755
53938086303
52460580422
71403467548
60632030108
74805404635
44437524929
71100278129
40762749056
50817039318
93447052568
46235191933
95363025995
55971536698
53144914886
73953366053
43129006901
18628645074
51873702872
49745693558
64812880021
19964713626
50649781712
95386302988
31317599566
68116690716
83761609587
54405348913
90124080970
74566238696
97248833464
16151377739
90451890052
23426194518
41864151956
37052283698
14591797516
80568425398
92628132601
93681737080
44822527956
14125979456
25994272512
61381160604
83283919900
87874616086
52035663054
68809740047
49149842679
66451878704
17080988631
11534655472
21888045718
88449894809
17405189704
63900440740
31223114393
48498681334
75319337680
26299614171
90039619712
35150039383
86915070182
16000974421
60293086481
35286089965
12163884825
60390136341
42418295891
20744903019
51239933713
78959998899
36256216620
40257444613
37696768464
47554089538
73340941848
68669536474
95015046993
83228751789
51944053398
18708538906
86465040943
63345624282
10314543740
58262784324
57868663680
27058272788
94676325376
36122552357
76062704959
40478763904
68856471856
20203624752
55705019799
73298584109
99872233213
20009613965
91877424962
37334083763
45006363378
38947066166
49818359669
20365674852
58492890853
94997082013
15593296728
50429654924
54639524466
56349746464
78115886102
35280358923
18563357760
28588106172
46319738508
97786886793
14799818972
18010048431
28061151105
38300488275
60160829368
31606394253
92808358842
26962250251
98901478354
14391523737
23051975926
45458320847
28847529983
33146701555
64196105561
97041532639
89708449092
18606528037
91647702767
31882818471
11391850741
81071109938
76938130878
90079660067
56067588648
25231565161
35124964788
90788772451
59178047303
38265469798
60784780120
79561322492
75882403707
49106084036
38541584410
15555303321
58639012258
24117342157
81523040134
86370215735
93003803128
65690660452
68022044045
45149228765
42154085776
23585743605
86989686009
33010156893
51456889191
46001056527
79820543443
93912070077
66947232465
67425589306
37760376680
55579308349
52464701436
20368871950
35960254593
10573770462
12297141575
36988567343
31852102726
32210853821
15856275106
22322209415
11906019896
90119888397
94868688921
47839913038
70123864521
52424695120
70155769134
10813142238
42303885383
99912269264
33907829088
80193974904
26264986121
88736652900
87920198824
18222093014
71614044049
64779984892
35574863647
45681950118
58792669984
61641696158
72201806598
18165320285
90334309452
62927139109
56115085645
36969323466
28030070331
39619372064
52951817112
99994874102
19690159661
50861739608
94572897108
78223835758
27079340981
12608226260
19967507434
70662905437
96197189750
67576306833
29919297753
64268591957
77508219595
55087972406
88835032770
96707269972
46733707208
18343056913
50015785798
60827965885
74446480752
67252660319
12385765885
54387753901
16071883533
23057959120
44894251276
69169381980
99433516340
25427179926
68360039235
51975311291
32564127643
39259226678
26815467316
31051509152
58112106879
50820397559
88138299719
28438092116
32338397942
28598286439
42703135170
62450711887
19810405348
18530228243
14215787904
22806198917
65385128227
56182595440
32092522083
76238721877
21735003393
98827149879
22303108647
65834767041
18836984984
56262965076
84459157047
11578686630
45115847655
73084132176
51956140534
76010840635
87061893107
65609286406
86947402159
54392147572
92523818455
43710210985
70564065603
72415372789
39561400254
95435151830
77906257044
18602582410
80372203222
69390312496
85512705644
99587539689
82562271601
64020205709
35209423351
25830995103
19675123916
27354488752
50855911010
66071374399
77574976941
68605877569
60470753340
57135111935
99682885607
44749515121
51388010744
43921262988
57740006955
61455279983
47261531251
83527749551
87960423777
87306528778
17483677912
70824788347
44355165948
