5436898435
5451145797
5440198898
5453457110
5446133637
5453766399
5453767378
5442551730
5443915302
5446669050
5422618849
5422710664
5434887924
5452674067
5442108040
5451097671
5426139986
5439736111
5438597400
5430162984
5452484736
5438030773
5449270030
5437857729
5456805209
5428828694
5419534662
5447138546
5440198053
5448337788
5442469588
5432151746
5424758100
5441940941
5424204225
5438719354
5446663360
5431911483
5423371452
5453712966
5437101039
5423622107
5427571188
5432102667
5433833805
5433286622
5437772486
5438282674
5447522512
5453754802
5450964517
5441117359
5455967488
5423636311
5425274780
5435479596
5429842725
5453668583
5431262328
5457882075
5420881175
5436858222
5443187628
5422846198
5454325979
5445964740
5446305589
5448584433
5454750988
5440384196
5426840589
5453362292
5445636460
5441625122
5418751667
5420841302
5458240604
5444003615
5453500766
5441472589
5418910728
5422735348
5448952319
5439508468
5451921071
5435042463
5425320856
5435158960
5420253998
5441674488
5457032202
5419712853
5425172975
5422245941
5449509342
5445218742
5422551910
5454900359
5428528064
5432827527
5424675041
5425900755
5434118697
5456321102
5455535930
5420259030
5444640630
5435303898
5425067536
5441923207
5425130072
5430623558
5434881143
5443956350
5439166932
5453307703
5427853645
5438510145
5427788575
5443837623
5436690060
5441389304
5427289652
5445831383
5454811308
5445016366
5456361532
5429955921
5453349016
5433317903
5420767323
5449514286
5451707896
5429621818
5448721037
5455990375
5451076800
5436371650
5436564840
5449723479
5442400455
5441865020
5446610434
5455073454
5428801238
5442390398
5457123358
5427641102
5441332964
5455308011
5431876727
5421513961
5455769361
5432032490
5422950958
5454833245
5428867507
5445654354
5433095393
5448964941
5443165380
5452721531
5448517980
5443039615
5434332518
5430803234
5432400474
5439134064
5456034001
5454109309
5444202648
5436739717
5433657531
5439964174
5418722159
5438466252
5423292629
5445705968
5423162030
5428303102
5444545664
5434081720
5449795235
5452526980
5438995077
5435833477
5448047454
5428515345
5431659713
5452294861
5421890518
5450371290
5445406585
5433287176
5429441493
5444618063
5431780200
5421334734
5453921731
5436493871
5448721246
5455644778
5431879879
5453661256
5443724030
5426625331
5448514919
5438432772
5453677329
5455353951
5432017264
5433344260
5443818649
5454422677
5437336256
5455185339
5426574668
5434159744
5443057214
5455213417
5443470111
5429809198
5443181862
5437662969
5449127024
5425456395
5427371338
5449480933
5447760378
5419058015
5429399239
5433668524
5430631527
5430281414
5426549951
5421904967
5430622556
5426865714
5454614185
5427967694
5437656042
5429645017
5420400747
5447070303
5427257364
5451662252
5424436097
5435369095
5423334521
5424956376
5452018082
5423228824
5419290551
5422115530
5450207992
5442709854
5437816825
5424500469
5419460301
5454754193
5442985540
5426248463
5447704693
5419428919
5436390475
5448756524
5444396099
5451619433
5418446861
5444921354
5446126912
5420971764
5435695179
5452354608
5441044249
5418568543
5456482511
5454915961
5449649011
5426299714
5454644549
5422674867
5453319847
5448964155
5441477303
5441772364
5449667121
5425546214
5432013775
5448307332
5453313333
5430281707
5438099405
5455867493
5437388187
5451369047
5439944924
5454033541
5425844554
5447669810
5419299206
5428106415
5434472602
5429429200
5444040664
5430848828
5422643723
5424101948
5431452062
5422693793
5422251163
5446563772
5423054816
5450386416
5442522006
5439872809
5419407871
5424038530
5456357820
5437146754
5445000169
5435893123
5420452008
5422521580
5449445132
5439085144
5431733381
5419454421
5438619333
5434689989
5446784304
5442675767
5425414390
5434335490
5446430601
5431460523
5454187807
5448153963
5446465554
5444479771
5446474264
5453542762
5420928028
5426679142
5437499471
5418657367
5439617336
5440573169
5446420519
5440391985
5436476256
5420981381
5451464318
5437483755
5419609413
5454296846
5434625962
5450322835
5442267112
5429466107
5446775546
5427209092
5429434534
5420383315
5440618644
5435006791
5450820731
5431250015
5447945622
5436920153
5425421105
5443156168
5448505445
5426614715
5421033856
5423810075
5450355164
5449371750
5434751508
5451600084
5426705125
5454001774
5457085437
5422658711
5452060069
5456198757
5434538264
5453915339
5452178230
5443490723
5433139116
5434022476
5424152948
5439014503
5434418754
5439496198
5435915527
5454820539
5422508351
5457504584
5427255475
5451390978
5449798038
5422360948
5432800710
5455182079
5430937386
5443077146
5421950260
5425702365
5443498140
5437007420
5420502602
5454283390
5434379357
5425881046
5455861410
5442714225
5434675464
5423279050
5449066381
5423581555
5428910533
5452873260
5450012168
5440942724
5420793739
5441854689
5436573316
5424943185
5434502720
5454804173
5433526536
5432506456
5439643836
5422546327
5455870451
5429749178
5425128221
5450077460
5437780023
5421420341
5428241540
5448749041
5429922284
5452361846
5428230324
5424070344
5433279857
5443314702
5451881206
5428781029
5433297746
5430948232
5455489532
5430979294
5423008462
5429768578
5456422251
5448168522
5448022094
5420653168
5427755788
5457694061
5429787642
5449499289
5456058447
5431967377
5440956759
5455783368
5435845271
5438134751
5431167212
5444954391
5419044970
5452432707
5442357448
5419744358
5428921966
5432628334
5419885675
5429381887
5458074809
5425817659
5450363755
5426122175
5423205699
5444223005
5457436968
5423611902
5437342556
5437367333
5452714310
5448079125
5442370347
5422941239
5421911161
5419145638
5418694141
5446066302
